Pais;Agricultura;Industria;Servicio
Argentina;12;44;44
Bolivia;24;24;52
Brasil;11;39;50
Canada;3;36;61
Colombia;20;25;55
Cuba;10;45;45
Chile;6;39;55
Ecuador;14;41;45
Estados Unidos;2;31;67
Guatemala;26;20;54
Honduras;27;25;48
Mexico;9;39;52
Nicaragua;23;33;44
Paraguay;27;26;47
Peru;11;38;51
Salvador;20;21;59
Uruguay;12;33;55
Venezuela;9;37;54
